0 1 2081 160 2081 160 0.0778472 0.00587948
0 2 1645 258 1645 258 0.160486 0.00908926
0 3 1204 266 1204 266 0.230897 0.0123011
0 4 809 200 809 200 0.255871 0.0155186
0 5 525 142 525 142 0.281905 0.0199465
0 6 352 98 352 98 0.303977 0.0254013
0 7 246 65 246 65 0.276423 0.0289908
0 8 130 41 130 41 0.346154 0.0436448
0 9 133 38 133 38 0.293233 0.0398924
0 10 34 9 34 9 0.352941 0.0924594
1 1 2553 192 2553 192 0.0775558 0.00530708
1 2 2021 299 2021 299 0.152895 0.008052
1 3 1431 297 1431 297 0.212439 0.0108798
1 4 1012 248 1012 248 0.253953 0.0138448
1 5 672 158 672 158 0.254464 0.0172325
1 6 442 116 442 116 0.28733 0.022263
1 7 271 62 271 62 0.250923 0.0271031
1 8 162 37 162 37 0.271605 0.0369608
1 9 148 41 148 41 0.277027 0.0367867
1 10 56 12 56 12 0.232143 0.057716
2 1 5865 380 5865 380 0.0664962 0.00325922
2 2 4850 722 4850 722 0.153196 0.00519821
2 3 3391 697 3391 697 0.212032 0.00707681
2 4 2428 586 2428 586 0.249588 0.00887878
2 5 1640 389 1640 389 0.247561 0.0108033
2 6 1070 251 1070 251 0.251402 0.013557
2 7 687 153 687 153 0.237263 0.0165371
2 8 421 93 421 93 0.24228 0.0214631
2 9 346 76 346 76 0.228324 0.0228182
2 10 131 29 131 29 0.236641 0.0378696
3 1 11350 761 11350 761 0.0692511 0.00238867
3 2 9191 1269 9191 1269 0.141443 0.00364916
3 3 6499 1271 6499 1271 0.201108 0.0050064
3 4 4624 1117 4624 1117 0.249784 0.00643535
3 5 2952 702 2952 702 0.250677 0.00811277
3 6 1941 456 1941 456 0.248841 0.00999335
3 7 1262 284 1262 284 0.249604 0.0125751
3 8 772 161 772 161 0.231865 0.0156432
3 9 642 138 642 138 0.224299 0.0166596
3 10 258 55 258 55 0.232558 0.0269574
4 1 19551 1203 19551 1203 0.0630147 0.00174056
4 2 15532 1987 15532 1987 0.131857 0.00272703
4 3 11274 2155 11274 2155 0.197445 0.00377836
4 4 7578 1631 7578 1631 0.223014 0.00482952
4 5 5138 1197 5138 1197 0.245426 0.00610194
4 6 3448 784 3448 784 0.24449 0.00748319
4 7 2182 528 2182 528 0.266269 0.00977063
4 8 1385 323 1385 323 0.261372 0.0122482
4 9 1154 243 1154 243 0.227036 0.0125917
4 10 419 99 419 99 0.243437 0.0211632
5 1 29590 1772 29590 1772 0.0611693 0.00139502
5 2 23386 2868 23386 2868 0.126272 0.00218104
5 3 17269 3009 17269 3009 0.179397 0.00293799
5 4 11660 2487 11660 2487 0.222213 0.00389394
5 5 8095 1679 8095 1679 0.220383 0.00468305
5 6 5129 1077 5129 1077 0.226945 0.00597551
5 7 3412 662 3412 662 0.213658 0.00719024
5 8 2044 425 2044 425 0.228963 0.00954371
5 9 1833 379 1833 379 0.228587 0.0100818
5 10 665 134 665 134 0.218045 0.0163475
6 1 45600 2251 45600 2251 0.0508333 0.00103023
6 2 36287 3864 36287 3864 0.10902 0.00164075
6 3 26593 4047 26593 4047 0.157711 0.00224962
6 4 17891 3190 17891 3190 0.187524 0.00295115
6 5 12250 2268 12250 2268 0.197878 0.00365627
6 6 8065 1565 8065 1565 0.208431 0.00460442
6 7 5168 1000 5168 1000 0.212074 0.00581876
6 8 3170 572 3170 572 0.20694 0.00743177
6 9 2667 508 2667 508 0.207724 0.00802462
6 10 985 181 985 181 0.19797 0.0129193
7 1 29572 1265 29572 1265 0.0437576 0.00119074
7 2 23493 2140 23493 2140 0.0934746 0.00190417
7 3 17103 2347 17103 2347 0.141846 0.00268214
7 4 12017 1870 12017 1870 0.163768 0.00340859
7 5 7894 1286 7894 1286 0.174436 0.00433038
7 6 5262 871 5262 871 0.18149 0.00541592
7 7 3200 490 3200 490 0.170312 0.00678142
7 8 2078 336 2078 336 0.182868 0.0086969
7 9 1819 281 1819 281 0.163277 0.00875699
7 10 613 105 613 105 0.190865 0.0162519
8 1 31852 1158 31852 1158 0.0372033 0.00106138
8 2 25206 2019 25206 2019 0.0818456 0.00172993
8 3 18337 2181 18337 2181 0.123357 0.00244066
8 4 12706 1677 12706 1677 0.137258 0.00307145
8 5 8497 1256 8497 1256 0.159468 0.00402642
8 6 5522 853 5522 853 0.166606 0.00508692
8 7 3499 535 3499 535 0.167762 0.00642864
8 8 2312 324 2312 324 0.154844 0.00765333
8 9 1908 258 1908 258 0.147799 0.00824394
8 10 678 79 678 79 0.128319 0.013017
