0 1 17490.3 1365.35 147371 11676.2 0.0790418 0.00596883
0 2 17367.8 2759.12 184626 29704.6 0.162606 0.00922056
0 3 17464.6 3863.33 255895 56642 0.232137 0.0124465
0 4 16799.1 4203.12 353300 89450.8 0.259531 0.0158021
0 5 16510.5 4450.22 526371 141401 0.283088 0.0202727
0 6 17061.8 4816.45 840329 240445 0.306365 0.0256644
0 7 18544 4881.16 1.42271e+06 372628 0.277249 0.0294892
0 8 15686.2 4959.13 1.92821e+06 611003 0.344397 0.0438476
0 9 28701.6 8348.97 6.48182e+06 1.91922e+06 0.302029 0.0420038
0 10 13615.6 3869.41 5.55689e+06 1.68272e+06 0.351025 0.0888098
1 1 21414.3 1635.39 180043 13959 0.0789688 0.00540436
1 2 21382.7 3184.8 227794 34131.9 0.154317 0.00814931
1 3 20744.8 4330.81 303736 63741.6 0.213933 0.010999
1 4 21186.7 5173.46 449218 109187 0.253635 0.0139491
1 5 21116.4 5009.62 673618 160991 0.258335 0.0176369
1 6 21197 5663.27 1.03324e+06 280929 0.291486 0.0226477
1 7 20615.7 4643.19 1.59423e+06 353600 0.251846 0.0277799
1 8 19338.9 4444.87 2.34807e+06 543593 0.272929 0.0375585
1 9 31740.4 8951.42 7.11835e+06 2.05163e+06 0.282019 0.038076
1 10 22414.9 4717.22 9.17315e+06 1.88431e+06 0.224125 0.0563331
2 1 49239.9 3236.28 414418 27622.6 0.0675832 0.00331358
2 2 51139.2 7657.28 542820 81706.3 0.154572 0.00526026
2 3 49128.8 10201.3 718974 150719 0.214862 0.00719609
2 4 50690.1 12250.7 1.07169e+06 259139 0.251278 0.00901177
2 5 51344.3 12266.3 1.63182e+06 392099 0.250604 0.0110185
2 6 51305.2 12101 2.49934e+06 592006 0.251388 0.0136363
2 7 51555.5 11435.1 3.93394e+06 870295 0.237077 0.0167443
2 8 49859.7 11063.3 6.01923e+06 1.33905e+06 0.243783 0.0218383
2 9 72957.2 15937.8 1.60944e+07 3.50134e+06 0.227019 0.0233062
2 10 51253.2 11235.7 2.04813e+07 4.42838e+06 0.231146 0.0373385
3 1 95240.1 6469.46 801076 55125.6 0.0703062 0.00242619
3 2 96937.7 13576 1.02924e+06 146175 0.143842 0.0037169
3 3 94275.5 18587.4 1.3816e+06 274386 0.20348 0.00508646
3 4 97022.9 23587.8 2.06142e+06 503880 0.25209 0.00653103
3 5 93105.4 22128.7 2.98011e+06 707400 0.250445 0.00817364
3 6 93472.1 21979.1 4.57588e+06 1.07506e+06 0.250278 0.010158
3 7 94467.2 21041.8 7.1907e+06 1.58051e+06 0.247756 0.0126651
3 8 91712.4 19167.3 1.10871e+07 2.3162e+06 0.231519 0.0157774
3 9 135465 29010.3 2.98526e+07 6.3413e+06 0.220454 0.0167001
3 10 101148 21577.4 4.03967e+07 8.59485e+06 0.228072 0.0265673
4 1 164068 10242.2 1.38013e+06 87394.7 0.0640441 0.00176961
4 2 163985 21186.4 1.74306e+06 227325 0.133482 0.00276717
4 3 163313 31438.3 2.38969e+06 463014 0.199354 0.00383128
4 4 159170 34425.6 3.38592e+06 734852 0.224452 0.0048883
4 5 161058 37623.4 5.12238e+06 1.19862e+06 0.247275 0.00620291
4 6 165903 37752.9 8.10837e+06 1.84234e+06 0.246321 0.00762216
4 7 163832 39495.2 1.25179e+07 3.00192e+06 0.266553 0.00992148
4 8 164260 38218.1 1.98324e+07 4.59815e+06 0.26471 0.01263
4 9 243645 50743.4 5.36479e+07 1.09789e+07 0.226491 0.012952
4 10 164540 39323.1 6.59228e+07 1.59512e+07 0.244253 0.0213515
5 1 248366 15106.9 2.08967e+06 129090 0.0622245 0.00141954
5 2 247210 30644.6 2.6311e+06 329565 0.127928 0.00221482
5 3 250475 43877.8 3.67004e+06 645948 0.180877 0.00297646
5 4 244096 52065.8 5.17531e+06 1.10285e+06 0.2228 0.00393396
5 5 253745 52827.6 8.06982e+06 1.68365e+06 0.221811 0.00475098
5 6 246774 51970.4 1.20666e+07 2.54497e+06 0.227726 0.00605055
5 7 256243 49748.2 1.95762e+07 3.79506e+06 0.213227 0.00724724
5 8 242350 50234.1 2.9259e+07 6.03044e+06 0.228108 0.00962223
5 9 388199 81311 8.57869e+07 1.81397e+07 0.234855 0.0106575
5 10 261667 53715 1.05024e+08 2.18957e+07 0.217722 0.0163506
6 1 382724 19216.6 3.2199e+06 164427 0.0518148 0.00105059
6 2 383382 41356.1 4.0779e+06 445433 0.110663 0.00166895
6 3 386231 59203.1 5.66635e+06 874244 0.159226 0.0022813
6 4 374582 67226.7 7.94229e+06 1.43357e+06 0.189519 0.00300195
6 5 384859 71211.8 1.22684e+07 2.26614e+06 0.198481 0.00370235
6 6 387873 75303.9 1.8951e+07 3.6746e+06 0.209534 0.00467733
6 7 388482 75228.5 2.96987e+07 5.74623e+06 0.213006 0.00591058
6 8 375977 67075.6 4.5424e+07 7.98738e+06 0.205284 0.0074912
6 9 564126 107655 1.2438e+08 2.3658e+07 0.209595 0.00831494
6 10 386718 72022 1.54691e+08 2.91015e+07 0.19696 0.0128958
7 1 248123 10773.1 2.08681e+06 91953.3 0.0444824 0.00121118
7 2 247742 22746.1 2.63026e+06 243284 0.0944737 0.00193007
7 3 247980 34327.3 3.63213e+06 506823 0.143372 0.00272234
7 4 252202 39291.9 5.36052e+06 835516 0.164418 0.00344744
7 5 247479 40462.8 7.87409e+06 1.29069e+06 0.176018 0.00440892
7 6 253125 42009.4 1.23688e+07 2.05403e+06 0.182236 0.00548967
7 7 240128 36847.3 1.83315e+07 2.81221e+06 0.171339 0.00690163
7 8 246239 39716.2 2.97026e+07 4.76665e+06 0.183946 0.00887683
7 9 380075 58446.6 8.28393e+07 1.26248e+07 0.164623 0.00908038
7 10 237656 41694.1 9.40006e+07 1.68526e+07 0.190388 0.0162399
8 1 267277 9875.1 2.24816e+06 84410.9 0.0378716 0.0010812
8 2 266130 21601.6 2.8287e+06 232584 0.0831019 0.00176067
8 3 265867 31811.4 3.89434e+06 468407 0.124499 0.00247551
8 4 266149 35373.8 5.64576e+06 754770 0.138547 0.00311885
8 5 266818 39591.7 8.50072e+06 1.26505e+06 0.161008 0.00410232
8 6 265611 41163 1.29792e+07 2.01368e+06 0.167253 0.00515083
8 7 262791 40360.1 2.0089e+07 3.09101e+06 0.168644 0.00652649
8 8 273999 38750.3 3.30615e+07 4.70558e+06 0.156912 0.00783706
8 9 405948 55754.6 9.00899e+07 1.25075e+07 0.150928 0.00862823
8 10 266956 31307.7 1.07079e+08 1.25546e+07 0.125843 0.0128384
